64 51
2020113466 48
2019110124 80
2020116416 92
2018115065 90
2016113808 82
2016118201 92
2018115122 83
2016118033 90
2018114449 96
2019116155 0
2016112905 92
2018115857 64
2017117681 60
2015112812 88
2016111818 82
2020112393 64
2016114172 74
2019111377 0
2020113969 59
2020114252 86
2017111213 76
2018117966 55
2020114078 72
2018117949 59
2017112541 51
2020110975 85
2020113766 68
2018110432 66
2016114218 71
2020111450 62
2014034070 88
2020113437 0
2015114298 64
2019118024 78
2018116038 81
2020116940 55
2020112099 74
2016110398 68
2020116280 88
2018111745 45
2018113528 76
2018117951 60
2017118079 92
2018117969 70
2020113120 86
2018114753 26
2020110206 64
2014105062 18
2020112037 62
2017116887 81
2012105071 68
2017115324 82
2020112328 94
2018114886 56
2016115205 96
2018117534 81
2020114702 96
2020113738 56
2017115298 82
2013022098 59
2017117947 55
2016116317 76
2016113529 86
2015110270 72
2017116995 96
2020112298 92
2020110518 15
2020113239 94
2014097073 17
2020115972 96
2019114689 0
2017111705 90
2018116195 92
2017111415 88
2020111799 0
2020114732 96
2020116737 80
2020115637 62
2019116323 61
2018115741 82
2017116406 80
0
2020113466 19
2019110124 89
2020116416 73
2018115065 65
2016113808 65
2016118201 35
2018115122 53
2016118033 33
2018114449 66
2019116155 0
2016112905 85
2018115857 53
2017117681 32
2015112812 63
2016111818 16
2020112393 51
2016114172 58
2019111377 0
2020113969 15
2020114252 86
2017111213 69
2018117966 39
2020114078 62
2018117949 33
2017112541 14
2020110975 81
2020113766 38
2018110432 43
2016114218 50
2020111450 27
2014034070 32
2020113437 0
2015114298 74
2019118024 74
2018116038 59
2020116940 36
2020112099 43
2016110398 45
2020116280 76
2018111745 12
2018113528 66
2018117951 37
2017118079 75
2018117969 32
2020113120 90
2018114753 35
2020110206 70
2014105062 12
2020112037 52
2017116887 50
2012105071 13
2017115324 56
2020112328 66
2018114886 59
2016115205 59
2018117534 42
2020114702 81
2020113738 40
2017115298 77
2013022098 4
2017117947 16
2016116317 50
2016113529 93
2015110270 36
2017116995 67
2020112298 67
2020110518 12
2020113239 90
2014097073 10
2020115972 57
2019114689 0
2017111705 75
2018116195 53
2017111415 50
2020111799 56
2020114732 70
2020116737 68
2020115637 43
2019116323 43
2018115741 47
2017116406 69